bs := {
[ 8, 17 ],
[ 249, 1025 ],
[ 727, 2353 ],
[ 118, 221 ],
[ 408, 7421 ],
[ 209, 493 ],
[ 1877, 3413 ],
[ 47, 1609 ],
[ 276, 30829 ],
[ 88, 101 ],
[ 104, 10397 ],
[ 749, 86173 ],
[ 127, 10441 ],
[ 84, 5365 ],
[ 559, 45865 ],
[ 258, 24169 ],
[ 269, 293 ],
[ 173, 1157 ],
[ 9703, 18077 ],
[ 244, 865 ],
[ 54, 197 ],
[ 185, 4633 ],
[ 2252, 11773 ],
[ 439, 545 ],
[ 4221, 106501 ],
[ 1966, 6449 ],
[ 134, 17417 ],
[ 790, 4985 ],
[ 90, 377 ],
[ 115, 205 ],
[ 565, 51445 ],
[ 260, 29045 ],
[ 194, 27521 ],
[ 899, 34709 ],
[ 949, 120565 ],
[ 1958, 6893 ],
[ 11279, 135713 ],
[ 4671, 51605 ],
[ 1120, 2825 ],
[ 605, 1745 ],
[ 4090, 492865 ],
[ 171, 629 ],
[ 256, 593 ],
[ 611, 11093 ],
[ 54, 1825 ],
[ 7894, 95033 ],
[ 741, 76357 ],
[ 647, 6761 ],
[ 98, 4481 ],
[ 1410, 12149 ],
[ 124, 205 ],
[ 424, 485 ],
[ 167, 409 ],
[ 116, 677 ],
[ 156, 965 ],
[ 525, 857 ],
[ 781, 12833 ],
[ 135, 197 ],
[ 995, 2417 ],
[ 3504, 197545 ],
[ 236, 32045 ],
[ 180, 28789 ],
[ 1219, 31001 ],
[ 38, 1289 ],
[ 171, 533 ],
[ 642, 809 ],
[ 56, 2909 ],
[ 254, 1453 ],
[ 61, 293 ],
[ 144, 1469 ],
[ 644, 11917 ],
[ 80, 2213 ],
[ 3016, 7289 ],
[ 671, 71161 ],
[ 36, 565 ],
[ 544, 2105 ],
[ 126, 13345 ],
[ 4986, 47693 ],
[ 79, 793 ],
[ 15, 17 ],
[ 985, 8957 ],
[ 245, 845 ],
[ 1229, 65885 ],
[ 881, 11849 ],
[ 385, 1717 ],
[ 737, 71521 ],
[ 128, 9701 ],
[ 500, 103853 ],
[ 6151, 481837 ],
[ 1160, 19337 ],
[ 190, 485 ],
[ 1671, 13481 ],
[ 230, 18785 ],
[ 324, 51757 ],
[ 103, 629 ],
[ 425, 25945 ],
[ 4636, 8545 ],
[ 561, 4553 ],
[ 84, 173 ],
[ 85, 125 ],
[ 78, 641 ],
[ 170, 11849 ],
[ 121, 8857 ],
[ 639, 5825 ],
[ 1451, 90845 ],
[ 42, 53 ],
[ 14, 137 ],
[ 586, 1049 ],
[ 83, 2213 ],
[ 2181, 59617 ],
[ 24, 53 ],
[ 218, 36161 ],
[ 383, 997 ],
[ 99, 365 ],
[ 386, 54689 ],
[ 50, 65 ],
[ 276, 3917 ],
[ 341, 14677 ],
[ 45, 1405 ],
[ 721, 78625 ],
[ 59, 365 ],
[ 194, 18185 ],
[ 168, 3061 ],
[ 981, 136405 ],
[ 92, 493 ],
[ 82, 401 ],
[ 844, 54665 ],
[ 138, 173 ],
[ 89, 281 ],
[ 1060, 6437 ],
[ 2822, 26497 ],
[ 271, 1025 ],
[ 31, 101 ],
[ 985, 14561 ],
[ 5959, 759365 ],
[ 730 , 1145 ],
[ 763, 857 ],
[ 389, 10685 ],
[ 679, 1781 ],
[ 795, 8837 ],
[ 911, 30689 ],
[ 1259, 25945 ],
[ 1259, 12197 ],
[ 1259, 71873 ],
[ 1491, 93349 ],
[ 1955, 21745 ],
[ 2303, 63037 ],
[ 2477, 484181 ],
[ 2651, 159209 ],
[ 2651, 31505 ]
};
seq := [
[
[ 8, 17 ],
[ 5, 9 ],
[ 1, 2 ],
[ 2, 3 ],
[ 3, 5 ]
],
[
[ 115, 205 ],
[ 34, 59 ],
[ 1, 2 ],
[ 7, 11 ],
[ 10, 17 ]
],
[
[ 79, 793 ],
[ 18, 171 ],
[ 1, 10 ],
[ 9, 81 ],
[ 4, 37 ]
],
[
[ 586, 1049 ],
[ 111, 197 ],
[ 1, 2 ],
[ 16, 27 ],
[ 21, 37 ]
],
[
[ 781, 12833 ],
[ 84, 1364 ],
[ 1, 17 ],
[ 28, 444 ],
[ 9, 145 ]
],
[
[ 1877, 3413 ],
[ 260, 471 ],
[ 1, 2 ],
[ 29, 51 ],
[ 36, 65 ]
],
[
[ 4636, 8545 ],
[ 505, 929 ],
[ 1, 2 ],
[ 46, 83 ],
[ 55, 101 ]
],
[
[ 6151, 481837 ],
[ 642, 50214 ],
[ 1, 85 ],
[ 48, 3684 ],
[ 67, 5233 ]
],
[
[ 11279, 135713 ],
[ 1046, 12574 ],
[ 1, 13 ],
[ 54, 638 ],
[ 97, 1165 ]
],
[
[ 4221, 106501 ],
[ 260, 6535 ],
[ 1, 26 ],
[ 65, 1615 ],
[ 16, 401 ]
],
[
[ 9703, 18077 ],
[ 870, 1619 ],
[ 1, 2 ],
[ 67, 123 ],
[ 78, 145 ]
],
[
[ 4986, 47693 ],
[ 367, 3501 ],
[ 1, 10 ],
[ 68, 641 ],
[ 27, 257 ]
],
[
[ 14, 137 ],
[ 9, 82 ],
[ 2, 20 ],
[ 1, 6 ],
[ 6, 52 ]
],
[
[ 36, 565 ],
[ 17, 254 ],
[ 2, 32 ],
[ 5, 68 ],
[ 8, 116 ]
],
[
[ 185, 4633 ],
[ 51, 1254 ],
[ 2, 52 ],
[ 15, 354 ],
[ 14, 340 ]
],
[
[ 167, 409 ],
[ 43, 103 ],
[ 2, 5 ],
[ 16, 37 ],
[ 11, 26 ]
],
[
[ 1060, 6437 ],
[ 216, 1306 ],
[ 2, 13 ],
[ 20, 116 ],
[ 44, 265 ]
],
[
[ 2822, 26497 ],
[ 457, 4282 ],
[ 2, 20 ],
[ 25, 226 ],
[ 74, 692 ]
],
[
[ 1229, 65885 ],
[ 219, 11689 ],
[ 2, 113 ],
[ 34, 1773 ],
[ 39, 2074 ]
],
[
[ 644, 11917 ],
[ 72, 1314 ],
[ 2, 37 ],
[ 36, 648 ],
[ 8, 145 ]
],
[
[ 899, 34709 ],
[ 147, 5638 ],
[ 2, 80 ],
[ 37, 1392 ],
[ 24, 916 ]
],
[
[ 3016, 7289 ],
[ 356, 858 ],
[ 2, 5 ],
[ 68, 162 ],
[ 42, 101 ]
],
[
[ 3504, 197545 ],
[ 365, 20522 ],
[ 2, 116 ],
[ 77, 4286 ],
[ 38, 2132 ]
],
[
[ 7894, 95033 ],
[ 824, 9908 ],
[ 2, 25 ],
[ 96, 1144 ],
[ 86, 1033 ]
],
[
[ 171, 533 ],
[ 64, 197 ],
[ 3, 10 ],
[ 1, 1 ],
[ 24, 73 ]
],
[
[ 1160, 19337 ],
[ 266, 4419 ],
[ 3, 53 ],
[ 5, 69 ],
[ 61, 1010 ]
],
[
[ 249, 1025 ],
[ 82, 334 ],
[ 3, 13 ],
[ 10, 38 ],
[ 27, 109 ]
],
[
[ 254, 1453 ],
[ 48, 269 ],
[ 3, 17 ],
[ 27, 149 ],
[ 9, 50 ]
],
[
[ 525, 857 ],
[ 110, 178 ],
[ 3, 5 ],
[ 34, 54 ],
[ 23, 37 ]
],
[
[ 1671, 13481 ],
[ 292, 2348 ],
[ 3, 25 ],
[ 52, 412 ],
[ 51, 409 ]
],
[
[ 1451, 90845 ],
[ 244, 15216 ],
[ 3, 193 ],
[ 54, 3322 ],
[ 41, 2549 ]
],
[
[ 1410, 12149 ],
[ 155, 1327 ],
[ 3, 26 ],
[ 64, 543 ],
[ 17, 145 ]
],
[
[ 1966, 6449 ],
[ 247, 807 ],
[ 3, 10 ],
[ 72, 233 ],
[ 31, 101 ]
],
[
[ 2181, 59617 ],
[ 162, 4401 ],
[ 3, 82 ],
[ 81, 2187 ],
[ 12, 325 ]
],
[
[ 5959, 759365 ],
[ 772, 98253 ],
[ 3, 394 ],
[ 93, 11729 ],
[ 100, 12713 ]
],
[
[ 4671, 51605 ],
[ 580, 6397 ],
[ 3, 34 ],
[ 97, 1061 ],
[ 72, 793 ]
],
[
[ 844, 54665 ],
[ 225, 14516 ],
[ 4, 272 ],
[ 1, 12 ],
[ 60, 3856 ]
],
[
[ 89, 281 ],
[ 41, 127 ],
[ 4, 13 ],
[ 6, 17 ],
[ 19, 58 ]
],
[
[ 138, 173 ],
[ 44, 54 ],
[ 4, 5 ],
[ 20, 24 ],
[ 14, 17 ]
],
[
[ 1219, 31001 ],
[ 105, 2645 ],
[ 4, 101 ],
[ 70, 1755 ],
[ 9, 226 ]
],
[
[ 4090, 492865 ],
[ 600, 72186 ],
[ 4, 493 ],
[ 96, 11454 ],
[ 88, 10573 ]
],
[
[ 425, 25945 ],
[ 132, 8004 ],
[ 5, 313 ],
[ 24, 1416 ],
[ 41, 2473 ]
],
[
[ 1120, 2825 ],
[ 282, 709 ],
[ 5, 13 ],
[ 29, 71 ],
[ 71, 178 ]
],
[
[ 245, 845 ],
[ 52, 176 ],
[ 5, 17 ],
[ 34, 114 ],
[ 11, 37 ]
],
[
[ 24, 53 ],
[ 16, 34 ],
[ 6, 13 ],
[ 4, 8 ],
[ 12, 25 ]
],
[
[ 727, 2353 ],
[ 219, 706 ],
[ 6, 20 ],
[ 15, 46 ],
[ 66, 212 ]
],
[
[ 90, 377 ],
[ 40, 164 ],
[ 6, 25 ],
[ 16, 64 ],
[ 18, 73 ]
],
[
[ 80, 2213 ],
[ 25, 666 ],
[ 6, 160 ],
[ 21, 556 ],
[ 8, 212 ]
],
[
[ 2252, 11773 ],
[ 465, 2426 ],
[ 6, 32 ],
[ 69, 356 ],
[ 96, 500 ]
],
[
[ 559, 45865 ],
[ 180, 14697 ],
[ 7, 586 ],
[ 27, 2151 ],
[ 58, 4717 ]
],
[
[ 135, 197 ],
[ 40, 57 ],
[ 7, 10 ],
[ 29, 41 ],
[ 12, 17 ]
],
[
[ 271, 1025 ],
[ 52, 193 ],
[ 7, 26 ],
[ 43, 159 ],
[ 10, 37 ]
],
[
[ 995, 2417 ],
[ 164, 396 ],
[ 7, 17 ],
[ 80, 192 ],
[ 27, 65 ]
],
[
[ 1958, 6893 ],
[ 408, 1433 ],
[ 7, 25 ],
[ 83, 289 ],
[ 85, 298 ]
],
[
[ 54, 1825 ],
[ 32, 1058 ],
[ 8, 269 ],
[ 8, 254 ],
[ 20, 653 ]
],
[
[ 31, 101 ],
[ 17, 53 ],
[ 8, 25 ],
[ 12, 37 ],
[ 11, 34 ]
],
[
[ 98, 4481 ],
[ 48, 2158 ],
[ 8, 365 ],
[ 16, 702 ],
[ 24, 1069 ]
],
[
[ 647, 6761 ],
[ 205, 2133 ],
[ 8, 85 ],
[ 34, 347 ],
[ 65, 674 ]
],
[
[ 341, 14677 ],
[ 69, 2928 ],
[ 8, 340 ],
[ 51, 2154 ],
[ 14, 592 ]
],
[
[ 985, 8957 ],
[ 201, 1819 ],
[ 8, 73 ],
[ 80, 719 ],
[ 41, 370 ]
],
[
[ 15, 17 ],
[ 10, 11 ],
[ 9, 10 ],
[ 1, 1 ],
[ 12, 13 ]
],
[
[ 790, 4985 ],
[ 259, 1629 ],
[ 9, 58 ],
[ 12, 71 ],
[ 85, 533 ]
],
[
[ 741, 76357 ],
[ 216, 22164 ],
[ 9, 937 ],
[ 54, 5478 ],
[ 63, 6445 ]
],
[
[ 561, 4553 ],
[ 136, 1096 ],
[ 9, 73 ],
[ 64, 512 ],
[ 33, 265 ]
],
[
[ 565, 51445 ],
[ 207, 18774 ],
[ 10, 928 ],
[ 9, 756 ],
[ 76, 6868 ]
],
[
[ 721, 78625 ],
[ 243, 26406 ],
[ 10, 1108 ],
[ 27, 2862 ],
[ 82, 8884 ]
],
[
[ 671, 71161 ],
[ 240, 25365 ],
[ 11, 1186 ],
[ 15, 1515 ],
[ 86, 9061 ]
],
[
[ 749, 86173 ],
[ 258, 29586 ],
[ 11, 1285 ],
[ 24, 2676 ],
[ 89, 10177 ]
],
[
[ 881, 11849 ],
[ 250, 3350 ],
[ 11, 149 ],
[ 70, 930 ],
[ 71, 949 ]
],
[
[ 737, 71521 ],
[ 186, 17958 ],
[ 11, 1069 ],
[ 78, 7482 ],
[ 47, 4525 ]
],
[
[ 38, 1289 ],
[ 25, 828 ],
[ 12, 400 ],
[ 9, 292 ],
[ 20, 656 ]
],
[
[ 170, 11849 ],
[ 73, 5028 ],
[ 12, 832 ],
[ 33, 2248 ],
[ 32, 2192 ]
],
[
[ 156, 965 ],
[ 52, 316 ],
[ 12, 73 ],
[ 40, 242 ],
[ 18, 109 ]
],
[
[ 981, 136405 ],
[ 297, 41172 ],
[ 12, 1684 ],
[ 63, 8646 ],
[ 90, 12448 ]
],
[
[ 639, 5825 ],
[ 145, 1313 ],
[ 12, 109 ],
[ 82, 739 ],
[ 33, 298 ]
],
[
[ 985, 14561 ],
[ 268, 3948 ],
[ 13, 193 ],
[ 88, 1288 ],
[ 73, 1073 ]
],
[
[ 949, 120565 ],
[ 252, 31896 ],
[ 13, 1657 ],
[ 90, 11322 ],
[ 67, 8461 ]
],
[
[ 424, 485 ],
[ 98, 111 ],
[ 15, 17 ],
[ 77, 87 ],
[ 23, 26 ]
],
[
[ 42, 53 ],
[ 29, 36 ],
[ 16, 20 ],
[ 5, 6 ],
[ 26, 32 ]
],
[
[ 128, 9701 ],
[ 73, 5478 ],
[ 18, 1360 ],
[ 21, 1552 ],
[ 44, 3284 ]
],
[
[ 194, 18185 ],
[ 97, 9018 ],
[ 18, 1684 ],
[ 33, 3034 ],
[ 50, 4628 ]
],
[
[ 385, 1717 ],
[ 135, 598 ],
[ 18, 80 ],
[ 69, 304 ],
[ 48, 212 ]
],
[
[ 605, 1745 ],
[ 211, 606 ],
[ 18, 52 ],
[ 75, 214 ],
[ 74, 212 ]
],
[
[ 544, 2105 ],
[ 229, 883 ],
[ 19, 74 ],
[ 34, 129 ],
[ 97, 373 ]
],
[
[ 56, 2909 ],
[ 36, 1840 ],
[ 20, 1025 ],
[ 16, 810 ],
[ 30, 1525 ]
],
[
[ 84, 5365 ],
[ 53, 3344 ],
[ 20, 1268 ],
[ 17, 1058 ],
[ 38, 2384 ]
],
[
[ 260, 29045 ],
[ 117, 12976 ],
[ 20, 2228 ],
[ 49, 5394 ],
[ 54, 5968 ]
],
[
[ 276, 30829 ],
[ 116, 12860 ],
[ 20, 2225 ],
[ 56, 6170 ],
[ 50, 5525 ]
],
[
[ 383, 997 ],
[ 153, 396 ],
[ 20, 52 ],
[ 63, 162 ],
[ 62, 160 ]
],
[
[ 230, 18785 ],
[ 72, 5806 ],
[ 20, 1613 ],
[ 64, 5154 ],
[ 24, 1933 ]
],
[
[ 258, 24169 ],
[ 89, 8252 ],
[ 20, 1856 ],
[ 65, 6008 ],
[ 32, 2960 ]
],
[
[ 85, 125 ],
[ 51, 74 ],
[ 22, 32 ],
[ 25, 36 ],
[ 36, 52 ]
],
[
[ 171, 629 ],
[ 71, 258 ],
[ 22, 80 ],
[ 53, 192 ],
[ 32, 116 ]
],
[
[ 611, 11093 ],
[ 231, 4178 ],
[ 22, 400 ],
[ 77, 1384 ],
[ 88, 1588 ]
],
[
[ 190, 485 ],
[ 71, 179 ],
[ 23, 58 ],
[ 60, 151 ],
[ 29, 73 ]
],
[
[ 144, 1469 ],
[ 85, 860 ],
[ 24, 244 ],
[ 25, 250 ],
[ 54, 544 ]
],
[
[ 276, 3917 ],
[ 133, 1876 ],
[ 24, 340 ],
[ 49, 686 ],
[ 66, 928 ]
],
[
[ 82, 401 ],
[ 43, 207 ],
[ 27, 130 ],
[ 36, 173 ],
[ 31, 149 ]
],
[
[ 642, 809 ],
[ 235, 295 ],
[ 27, 34 ],
[ 100, 125 ],
[ 87, 109 ]
],
[
[ 256, 593 ],
[ 144, 332 ],
[ 28, 65 ],
[ 16, 36 ],
[ 84, 193 ]
],
[
[ 45, 1405 ],
[ 27, 834 ],
[ 30, 928 ],
[ 9, 276 ],
[ 36, 1108 ]
],
[
[ 78, 641 ],
[ 49, 398 ],
[ 30, 244 ],
[ 25, 202 ],
[ 42, 340 ]
],
[
[ 408, 7421 ],
[ 169, 3058 ],
[ 30, 544 ],
[ 85, 1532 ],
[ 72, 1300 ]
],
[
[ 386, 54689 ],
[ 136, 19140 ],
[ 30, 4225 ],
[ 96, 13480 ],
[ 50, 7025 ]
],
[
[ 118, 221 ],
[ 79, 147 ],
[ 31, 58 ],
[ 4, 7 ],
[ 61, 113 ]
],
[
[ 99, 365 ],
[ 56, 204 ],
[ 31, 113 ],
[ 38, 138 ],
[ 41, 149 ]
],
[
[ 236, 32045 ],
[ 132, 17824 ],
[ 32, 4337 ],
[ 40, 5358 ],
[ 78, 10501 ]
],
[
[ 324, 51757 ],
[ 164, 26072 ],
[ 32, 5105 ],
[ 56, 8846 ],
[ 86, 13637 ]
],
[
[ 244, 865 ],
[ 142, 501 ],
[ 33, 117 ],
[ 25, 87 ],
[ 87, 306 ]
],
[
[ 59, 365 ],
[ 35, 214 ],
[ 34, 208 ],
[ 21, 128 ],
[ 40, 244 ]
],
[
[ 47, 1609 ],
[ 24, 813 ],
[ 35, 1186 ],
[ 15, 507 ],
[ 38, 1285 ]
],
[
[ 126, 13345 ],
[ 80, 8408 ],
[ 38, 4001 ],
[ 32, 3344 ],
[ 62, 6497 ]
],
[
[ 500, 103853 ],
[ 216, 44686 ],
[ 38, 7877 ],
[ 100, 20616 ],
[ 96, 19825 ]
],
[
[ 50, 65 ],
[ 24, 31 ],
[ 41, 53 ],
[ 7, 9 ],
[ 45, 58 ]
],
[
[ 104, 10397 ],
[ 64, 6342 ],
[ 42, 4165 ],
[ 36, 3556 ],
[ 56, 5537 ]
],
[
[ 439, 545 ],
[ 199, 246 ],
[ 42, 52 ],
[ 99, 122 ],
[ 94, 116 ]
],
[
[ 61, 293 ],
[ 34, 162 ],
[ 43, 205 ],
[ 16, 76 ],
[ 49, 233 ]
],
[
[ 194, 27521 ],
[ 120, 16930 ],
[ 44, 6221 ],
[ 40, 5610 ],
[ 84, 11821 ]
],
[
[ 124, 205 ],
[ 81, 133 ],
[ 45, 74 ],
[ 30, 49 ],
[ 69, 113 ]
],
[
[ 92, 493 ],
[ 57, 303 ],
[ 47, 250 ],
[ 30, 159 ],
[ 59, 313 ]
],
[
[ 269, 293 ],
[ 133, 144 ],
[ 48, 52 ],
[ 87, 94 ],
[ 74, 80 ]
],
[
[ 54, 197 ],
[ 19, 69 ],
[ 49, 178 ],
[ 8, 29 ],
[ 51, 185 ]
],
[
[ 218, 36161 ],
[ 136, 22452 ],
[ 54, 8929 ],
[ 48, 7888 ],
[ 98, 16145 ]
],
[
[ 134, 17417 ],
[ 81, 10456 ],
[ 56, 7232 ],
[ 49, 6312 ],
[ 72, 9280 ]
],
[
[ 88, 101 ],
[ 50, 57 ],
[ 57, 65 ],
[ 29, 33 ],
[ 65, 74 ]
],
[
[ 180, 28789 ],
[ 113, 17978 ],
[ 62, 9872 ],
[ 53, 8408 ],
[ 92, 14612 ]
],
[
[ 121, 8857 ],
[ 81, 5904 ],
[ 64, 4672 ],
[ 9, 648 ],
[ 88, 6400 ]
],
[
[ 173, 1157 ],
[ 89, 591 ],
[ 64, 425 ],
[ 80, 531 ],
[ 69, 458 ]
],
[
[ 209, 493 ],
[ 124, 291 ],
[ 69, 162 ],
[ 73, 171 ],
[ 96, 225 ]
],
[
[ 84, 173 ],
[ 37, 76 ],
[ 72, 148 ],
[ 1, 2 ],
[ 78, 160 ]
],
[
[ 168, 3061 ],
[ 100, 1812 ],
[ 72, 1305 ],
[ 64, 1158 ],
[ 90, 1629 ]
],
[
[ 83, 2213 ],
[ 28, 744 ],
[ 75, 1993 ],
[ 18, 478 ],
[ 77, 2045 ]
],
[
[ 127, 10441 ],
[ 81, 6633 ],
[ 76, 6229 ],
[ 18, 1467 ],
[ 97, 7930 ]
],
[
[ 103, 629 ],
[ 48, 292 ],
[ 83, 505 ],
[ 26, 158 ],
[ 89, 541 ]
],
[
[ 116, 677 ],
[ 57, 331 ],
[ 83, 482 ],
[ 46, 267 ],
[ 87, 505 ]
],
[
[ 730, 1145 ],
[ 459, 719 ],
[ 139, 218 ],
[ 52, 81 ],
[ 315, 493 ] 
],
[
[ 763, 857 ],
[ 460, 516 ],
[ 279, 313 ],
[ 264, 296 ],
[ 379, 425 ]
],
[
[ 389, 10685 ],
[ 52, 1424 ],
[ 293, 8033 ],
[ 250, 6858 ],
[ 227, 6229 ]
],
[
[ 679, 1781 ],
[ 451, 1182 ],
[ 354, 928 ],
[ 81, 212 ],
[ 484, 1268 ]
],
[
    [ 795, 8837 ],
    [ 136, 1501 ],
    [ 27, 298 ],
    [ 145, 1601 ],
    [ 24, 265 ]
],
[
    [ 911, 30689 ],
    [ 401, 13488 ],
    [ 352, 11840 ],
    [ 473, 15912 ],
    [ 312, 10496 ]
],
[
    [ 1259, 25945 ],
    [ 279, 5742 ],
    [ 674, 13876 ],
    [ 819, 16866 ],
    [ 422, 8692 ]
],
[
    [ 1259, 12197 ],
    [ 771, 7463 ],
    [ 238, 2305 ],
    [ 182, 1759 ],
    [ 517, 5002 ]
],
[
    [ 1259, 71873 ],
    [ 356, 20317 ],
    [ 1123, 64090 ],
    [ 447, 25511 ],
    [ 1102, 62893 ]
],
[
    [ 1491, 93349 ],
    [ 107, 6638 ],
    [ 26, 1616 ],
    [ 197, 12272 ],
    [ 8, 500 ]
],
[
    [ 1955, 21745 ],
    [ 49, 544 ],
    [ 1544, 17168 ],
    [ 1237, 13756 ],
    [ 1220, 13568 ]
],
[
    [ 2303, 63037 ],
    [ 295, 8074 ],
    [ 2246, 61472 ],
    [ 457, 12508 ],
    [ 2228, 60980 ]
],
[
    [ 2477, 484181 ],
    [ 1195, 233538 ],
    [ 1838, 359200 ],
    [ 889, 173732 ],
    [ 1940, 379124 ]
],
[
    [ 2651, 159209 ],
    [ 215, 12910 ],
    [ 2506, 150484 ],
    [ 975, 58550 ],
    [ 2386, 143284 ]
],
[
    [ 2651, 31505 ],
    [ 420, 4981 ],
    [ 251, 2978 ],
    [ 811, 9627 ],
    [ 90, 1069 ]
]
];